
sol = 

  struct with fields:

    x: [1x1 sym]
    y: [1x1 sym]
    z: [1x1 sym]

 
xSol =
 
882.27543985850269107137038655721
 
 
ySol =
 
444.15401549713043883814426163165
 
 
zSol =
 
523.30151280730380330419793701017
 
